3 2
1 3
2 3
==> 1 2 3

4 2
4 2
3 1

==> 3 4 1 2 


4 4
1 2
2 3
3 4
4 2
==> cycle


5 10
0 1 5
0 2 10
0 3 8
0 4 7
1 2 5
1 3 3
1 4 6
2 3 1
2 4 3
3 4 1

output==>10

7 11
0 1 32
0 2 31
0 5 60
0 6 51
1 2 21
2 4 46
2 6 25
3 4 34
3 5 18
4 5 40

5 5
1
1 2 2
1 3 3
2 4 1
4 5 2
3 5 1

6 9
1
1 2 7
1 3 9
1 6 14
2 3 10
2 4 15
3 4 11
3 6 2
4 5 6
5 6 9

0 ∞ ∞ ∞ ∞ ∞
0 7 9 ∞ ∞ 14
0 7 9 ∞ ∞ 14
0 7 9 22 ∞ 14
0 7 9 20 ∞ 11
0 7 9 20 20 11
0 7 9 20 20 11
0 7 9 20 20 11
0 7 9 20 20 11
0 7 9 20 20 11


5
0 5 10 8 7
5 0 5 3 6
10 5 0 1 3
8 3 1 0 1
7 6 3 1 0

output==>10

7
0 32 31 0 0 60 51
32 0 21 0 0 0 0
31 21 0 0 46 0 25
0 0 0 0 34 18 0
0 0 46 34 0 40 51
60 0 0 18 40 0 0
51 0 25 0 51 0 0

output==>175